0 812.8666666666667
1 804.8205466666666
2 796.8181866666667
3 788.8595866666667
4 780.9447466666669
5 773.0736666666667
6 765.2463466666667
7 757.4627866666665
8 749.7229866666669
9 742.0269466666667
10 734.3746666666666
11 726.7661466666667
12 719.2013866666668
13 711.6803866666665
14 704.2031466666667
15 696.7696666666668
16 689.3799466666667
17 682.0339866666668
18 674.7317866666667
19 667.4733466666665
20 660.2586666666666
21 653.0877466666665
22 645.9605866666666
23 638.8771866666665
24 631.8375466666665
25 624.8416666666667
26 617.8895466666665
27 610.9811866666668
28 604.1165866666666
29 597.2957466666666
30 590.5186666666666
31 583.7853466666667
32 577.0957866666665
33 570.4499866666666
34 563.8479466666666
35 557.2896666666664
36 550.7751466666665
37 544.3043866666666
38 537.8773866666666
39 531.4941466666667
40 525.1546666666665
41 518.8589466666666
42 512.6069866666664
43 506.3987866666665
44 500.2343466666665
45 494.1136666666665
46 488.03674666666655
47 482.0035866666665
48 476.0141866666665
49 470.0685466666665
50 464.16666666666663
51 458.3085466666665
52 452.49418666666656
53 446.72358666666645
54 440.9967466666665
55 435.3136666666665
56 429.6743466666665
57 424.0787866666666
58 418.5269866666665
59 413.0189466666665
60 407.5546666666665
61 402.13414666666654
62 396.7573866666665
63 391.4243866666664
64 386.1351466666666
65 380.8896666666664
66 375.68794666666656
67 370.52998666666645
68 365.41578666666635
69 360.34534666666644
70 355.31866666666645
71 350.33574666666647
72 345.39658666666645
73 340.5011866666664
74 335.64954666666654
75 330.8416666666665
76 326.0775466666665
77 321.3571866666665
78 316.6805866666665
79 312.04774666666646
80 307.45866666666643
81 302.91334666666637
82 298.41178666666644
83 293.95398666666637
84 289.5399466666665
85 285.16966666666644
86 280.8431466666664
87 276.56038666666643
88 272.3213866666664
89 268.12614666666644
90 263.97466666666645
91 259.8669466666664
92 255.80298666666638
93 251.78278666666648
94 247.80634666666634
95 243.87366666666645
96 239.98474666666647
97 236.1395866666664
98 232.3381866666665
99 228.58054666666646
100 224.86666666666653
101 221.19654666666642
102 217.57018666666642
103 213.9875866666665
104 210.44874666666638
105 206.95366666666646
106 203.50234666666645
107 200.09478666666644
108 196.7309866666664
109 193.41094666666643
110 190.1346666666664
111 186.9021466666664
112 183.71338666666642
113 180.56838666666644
114 177.46714666666642
115 174.40966666666645
116 171.3959466666664
117 168.42598666666643
118 165.4997866666664
119 162.6173466666664
120 159.7786666666665
121 156.98374666666643
122 154.23258666666644
123 151.5251866666664
124 148.86154666666647
125 146.24166666666648
126 143.66554666666644
127 141.13318666666643
128 138.64458666666644
129 136.19974666666647
130 133.79866666666646
131 131.44134666666648
132 129.12778666666642
133 126.85798666666645
134 124.63194666666644
135 122.44966666666646
136 120.31114666666647
137 118.21638666666648
138 116.16538666666646
139 114.15814666666647
140 112.19466666666648
141 110.2749466666665
142 108.39898666666643
143 106.56678666666646
144 104.7783466666665
145 103.03366666666646
146 101.33274666666648
147 99.67558666666649
148 98.06218666666649
149 96.49254666666648
150 94.96666666666651
151 93.48454666666649
152 92.04618666666651
153 90.65158666666652
154 89.30074666666656
155 87.99366666666654
156 86.7303466666665
157 85.5107866666665
158 84.33498666666654
159 83.2029466666665
160 82.11466666666655
161 81.07014666666655
162 80.06938666666657
163 79.11238666666655
164 78.19914666666655
165 77.32966666666657
166 76.50394666666656
167 75.72198666666654
168 74.98378666666659
169 74.28934666666659
170 73.63866666666658
171 73.0317466666666
172 72.46858666666658
173 71.94918666666662
174 71.47354666666664
175 71.04166666666664
176 70.65354666666661
177 70.30918666666662
178 70.00858666666662
179 69.75174666666662
180 69.53866666666663
181 69.36934666666663
182 69.24378666666665
183 69.16198666666668
184 69.12394666666668
185 69.05284666666665
186 68.98194666666669
187 68.91124666666666
188 68.84074666666669
189 68.77044666666667
190 68.70034666666668
191 68.6304466666667
192 68.56074666666667
193 68.49124666666667
194 68.42194666666666
195 68.35284666666666
196 68.28394666666667
197 68.21524666666669
198 68.14674666666666
199 68.07844666666668
200 68.01034666666665
201 68.00785333333332
202 67.93742000000002
203 67.86718666666667
204 67.79715333333333
205 67.72732
206 67.65768666666666
207 67.58825333333333
208 67.51902
209 67.44998666666667
210 67.38115333333333
211 67.31251999999999
212 67.24408666666668
213 67.17585333333332
214 67.10781999999999
215 67.03998666666666
216 66.97235333333333
217 66.90492
218 66.83768666666666
219 66.83588666666665
220 66.76632000000001
221 66.69695333333333
222 66.62778666666665
223 66.55881999999998
224 66.49005333333334
225 66.42148666666665
226 66.35312
227 66.28495333333333
228 66.21698666666666
229 66.14921999999999
230 66.08165333333332
231 66.01428666666668
232 65.94711999999998
233 65.88015333333333
234 65.81338666666667
235 65.74682
236 65.68045333333335
237 65.67934666666666
238 65.61064666666665
239 65.54214666666668
240 65.47384666666669
241 65.40574666666667
242 65.33784666666666
243 65.27014666666669
244 65.20264666666668
245 65.13534666666663
246 65.06824666666668
247 65.00134666666666
248 64.93464666666667
249 64.86814666666666
250 64.80184666666669
251 64.73574666666666
252 64.66984666666667
253 64.60414666666667
254 64.53864666666668
255 64.53823333333331
256 64.47039999999998
257 64.40276666666665
258 64.33533333333334
259 64.26809999999998
260 64.20106666666666
261 64.13423333333331
262 64.06759999999996
263 64.00116666666666
264 63.93493333333331
265 63.86889999999999
266 63.80306666666664
267 63.737433333333314
268 63.67199999999999
269 63.606766666666644
270 63.54173333333331
271 63.47689999999997
272 63.412266666666675
273 63.34783333333332
274 63.34558
275 63.27881333333332
276 63.21224666666665
277 63.145880000000005
278 63.07971333333334
279 63.01374666666663
280 62.94798
281 62.882413333333346
282 62.81704666666666
283 62.75188
284 62.68691333333334
285 62.62214666666667
286 62.55758000000001
287 62.49321333333334
288 62.429046666666665
289 62.36507999999997
290 62.30131333333332
291 62.23774666666666
292 62.23618666666666
293 62.170286666666634
294 62.10458666666666
295 62.039086666666684
296 61.97378666666666
297 61.90868666666667
298 61.84378666666667
299 61.77908666666665
300 61.71458666666664
301 61.650286666666666
302 61.586186666666634
303 61.52228666666667
304 61.45858666666666
305 61.39508666666664
306 61.331786666666666
307 61.26868666666666
308 61.205786666666654
309 61.14308666666666
310 61.14221999999998
311 61.077186666666655
312 61.01235333333334
313 60.94771999999999
314 60.883286666666685
315 60.819053333333336
316 60.755019999999995
317 60.69118666666667
318 60.62755333333336
319 60.56412000000001
320 60.50088666666668
321 60.43785333333333
322 60.37502
323 60.312386666666654
324 60.24995333333333
325 60.18772000000001
326 60.125686666666674
327 60.06385333333331
328 60.06368
329 59.999513333333326
330 59.935546666666646
331 59.87177999999998
332 59.80821333333332
333 59.744846666666675
334 59.68167999999999
335 59.61871333333332
336 59.55594666666665
337 59.49338
338 59.431013333333325
339 59.36884666666665
340 59.30688000000001
341 59.24511333333333
342 59.18354666666666
343 59.122179999999986
344 59.061013333333335
345 59.000046666666655
346 58.93927999999998
347 58.93726666666665
348 58.874166666666675
349 58.81126666666666
350 58.74856666666667
351 58.68606666666666
352 58.62376666666667
353 58.561666666666646
354 58.49976666666665
355 58.438066666666664
356 58.37656666666666
357 58.315266666666666
358 58.25416666666665
359 58.193266666666666
360 58.13256666666667
361 58.072066666666686
362 58.011766666666674
363 57.95166666666666
364 57.89176666666666
365 57.89044666666665
366 57.82821333333334
367 57.76617999999999
368 57.704346666666666
369 57.642713333333305
370 57.58127999999997
371 57.520046666666666
372 57.45901333333331
373 57.398179999999996
374 57.33754666666667
375 57.277113333333325
376 57.21687999999999
377 57.15684666666665
378 57.097013333333344
379 57.03738
380 56.97794666666664
381 56.91871333333334
382 56.859680000000004
383 56.859053333333335
384 56.79768666666665
385 56.73652
386 56.67555333333332
387 56.61478666666663
388 56.55421999999998
389 56.493853333333355
390 56.433686666666645
391 56.37372
392 56.31395333333331
393 56.254386666666655
394 56.19501999999999
395 56.135853333333316
396 56.07688666666665
397 56.018119999999996
398 55.95955333333332
399 55.90118666666667
400 55.84301999999999
401 55.78505333333335
402 55.78258666666667
403 55.722286666666676
404 55.66218666666667
405 55.60228666666667
406 55.542586666666665
407 55.483086666666665
408 55.42378666666668
409 55.364686666666664
410 55.305786666666684
411 55.24708666666666
412 55.18858666666668
413 55.13028666666666
414 55.0721866666667
415 55.0142866666667
416 54.9565866666667
417 54.89908666666667
418 54.84178666666669
419 54.78468666666668
420 54.78291333333336
421 54.72348000000003
422 54.66424666666669
423 54.60521333333337
424 54.54638000000003
425 54.487746666666695
426 54.42931333333335
427 54.37108000000004
428 54.313046666666686
429 54.255213333333366
430 54.19758000000002
431 54.14014666666671
432 54.082913333333366
433 54.02588000000004
434 53.9690466666667
435 53.91241333333338
436 53.85598000000005
437 53.799746666666714
438 53.798666666666705
439 53.74010000000001
440 53.68173333333337
441 53.6235666666667
442 53.56560000000003
443 53.50783333333335
444 53.45026666666672
445 53.39290000000003
446 53.335733333333366
447 53.278766666666705
448 53.22200000000005
449 53.165433333333375
450 53.10906666666671
451 53.052900000000044
452 52.99693333333339
453 52.941166666666724
454 52.88560000000005
455 52.83023333333338
456 52.82984666666672
457 52.772146666666735
458 52.71464666666672
459 52.65734666666672
460 52.600246666666706
461 52.54334666666673
462 52.48664666666674
463 52.43014666666673
464 52.373846666666736
465 52.31774666666673
466 52.26184666666675
467 52.20614666666673
468 52.150646666666745
469 52.09534666666674
470 52.04024666666674
471 51.98534666666673
472 51.93064666666674
473 51.876146666666735
474 51.82184666666675
475 51.819620000000086
476 51.76298666666675
477 51.70655333333341
478 51.6503200000001
479 51.59428666666675
480 51.53845333333342
481 51.48282000000008
482 51.42738666666675
483 51.37215333333343
484 51.31712000000011
485 51.262286666666775
486 51.20765333333345
487 51.153220000000104
488 51.09898666666678
489 51.04495333333342
490 50.99112000000011
491 50.93748666666677
492 50.88405333333345
493 50.88252000000008
494 50.82675333333342
495 50.771186666666765
496 50.71582000000011
497 50.66065333333343
498 50.60568666666675
499 50.55092000000011
500 50.496353333333424
501 50.44198666666678
502 50.38782000000008
503 50.33385333333346
504 50.28008666666677
505 50.22652000000012
506 50.17315333333343
507 50.11998666666679
508 50.067020000000106
509 50.01425333333346
510 49.96168666666678
511 49.96084666666677
512 49.905946666666786
513 49.851246666666796
514 49.79674666666676
515 49.74244666666678
516 49.688346666666796
517 49.63444666666679
518 49.58074666666679
519 49.527246666666784
520 49.47394666666681
521 49.420846666666776
522 49.3679466666668
523 49.315246666666795
524 49.26274666666679
525 49.21044666666681
526 49.15834666666681
527 49.106446666666784
528 49.0547466666668
529 49.05460000000014
530 49.000566666666806
531 48.94673333333347
532 48.89310000000014
533 48.83966666666681
534 48.78643333333347
535 48.73340000000014
536 48.68056666666679
537 48.62793333333348
538 48.57550000000015
539 48.52326666666681
540 48.471233333333494
541 48.41940000000015
542 48.3677666666668
543 48.31633333333348
544 48.265100000000146
545 48.21406666666683
546 48.16323333333349
547 48.11260000000016
548 48.11061333333349
549 48.05764666666679
550 48.00488000000015
551 47.952313333333485
552 47.899946666666814
553 47.84778000000016
554 47.79581333333349
555 47.744046666666826
556 47.69248000000016
557 47.64111333333348
558 47.58994666666683
559 47.53898000000015
560 47.4882133333335
561 47.4376466666668
562 47.38728000000016
563 47.33711333333349
564 47.28714666666681
565 47.23738000000016
566 47.236086666666814
567 47.183986666666854
568 47.13208666666684
569 47.08038666666685
570 47.02888666666682
571 46.977586666666845
572 46.92648666666685
573 46.87558666666683
574 46.824886666666835
575 46.77438666666684
576 46.724086666666835
577 46.67398666666684
578 46.62408666666684
579 46.57438666666685
580 46.52488666666684
581 46.47558666666684
582 46.42648666666684
583 46.37758666666686
584 46.37698666666685
585 46.32575333333353
586 46.274720000000194
587 46.22388666666684
588 46.17325333333354
589 46.12282000000019
590 46.072586666666844
591 46.02255333333351
592 45.972720000000194
593 45.92308666666687
594 45.87365333333353
595 45.824420000000195
596 45.775386666666876
597 45.726553333333534
598 45.67792000000019
599 45.62948666666685
600 45.581253333333535
601 45.533220000000206
602 45.48538666666686
603 45.48294666666685
604 45.43278000000018
605 45.38281333333353
606 45.33304666666685
607 45.28348000000019
608 45.234113333333525
609 45.18494666666686
610 45.135980000000195
611 45.0872133333335
612 45.03864666666686
613 44.99028000000018
614 44.94211333333352
615 44.89414666666686
616 44.84638000000019
617 44.798813333333534
618 44.751446666666865
619 44.70428000000022
620 44.65731333333352
621 44.6555666666669
622 44.60626666666688
623 44.55716666666687
624 44.5082666666669
625 44.459566666666866
626 44.41106666666688
627 44.36276666666687
628 44.31466666666688
629 44.266766666666896
630 44.21906666666688
631 44.17156666666688
632 44.12426666666689
633 44.07716666666686
634 44.03026666666689
635 43.98356666666687
636 43.93706666666687
637 43.89076666666689
638 43.84466666666689
639 43.843613333333565
640 43.79518000000022
641 43.74694666666688
642 43.69891333333356
643 43.65108000000023
644 43.60344666666688
645 43.55601333333356
646 43.508780000000236
647 43.46174666666689
648 43.41491333333355
649 43.36828000000022
650 43.32184666666691
651 43.27561333333357
652 43.22958000000024
653 43.18374666666689
654 43.13811333333356
655 43.09268000000024
656 43.04744666666691
657 43.04708666666692
658 42.99952000000024
659 42.952153333333584
660 42.90498666666692
661 42.85802000000025
662 42.81125333333359
663 42.764686666666925
664 42.718320000000254
665 42.67215333333358
666 42.626186666666904
667 42.58042000000023
668 42.53485333333359
669 42.489486666666934
670 42.44432000000025
671 42.39935333333359
672 42.35458666666691
673 42.310020000000264
674 42.26565333333358
675 42.22148666666691
676 42.21928666666691
677 42.17278666666691
678 42.12648666666692
679 42.08038666666693
680 42.03448666666693
681 41.988786666666904
682 41.943286666666914
683 41.89798666666692
684 41.852886666666905
685 41.80798666666692
686 41.7632866666669
687 41.71878666666691
688 41.67448666666692
689 41.630386666666915
690 41.58648666666692
691 41.542786666666906
692 41.499286666666904
693 41.455986666666924
694 41.45448000000027
695 41.40884666666693
696 41.363413333333604
697 41.31818000000026
698 41.27314666666694
699 41.22831333333361
700 41.18368000000026
701 41.13924666666694
702 41.095013333333604
703 41.05098000000027
704 41.00714666666693
705 40.96351333333359
706 40.92008000000028
707 40.87684666666693
708 40.833813333333595
709 40.79098000000028
710 40.74834666666695
711 40.7059133333336
712 40.705100000000286
713 40.660333333333604
714 40.615766666666964
715 40.571400000000295
716 40.52723333333361
717 40.48326666666695
718 40.43950000000028
719 40.39593333333361
720 40.352566666666945
721 40.30940000000026
722 40.26643333333361
723 40.22366666666696
724 40.181100000000285
725 40.138733333333604
726 40.09656666666694
727 40.054600000000285
728 40.0128333333336
729 39.97126666666694
730 39.97114666666696
731 39.92724666666695
732 39.88354666666695
733 39.84004666666696
734 39.79674666666696
735 39.753646666666945
736 39.71074666666695
737 39.66804666666696
738 39.62554666666696
739 39.583246666666945
740 39.54114666666695
741 39.49924666666696
742 39.45754666666696
743 39.41604666666695
744 39.37474666666696
745 39.33364666666695
746 39.29274666666695
747 39.25204666666695
748 39.21154666666696
749 39.20958666666697
750 39.166753333333624
751 39.124120000000296
752 39.081686666666975
753 39.039453333333626
754 38.99742000000029
755 38.95558666666696
756 38.91395333333362
757 38.87252000000028
758 38.83128666666696
759 38.79025333333362
760 38.7494200000003
761 38.70878666666696
762 38.66835333333363
763 38.628120000000294
764 38.588086666666946
765 38.54825333333363
766 38.50862000000028
767 38.507353333333626
768 38.46538666666697
769 38.423620000000305
770 38.38205333333364
771 38.340686666666976
772 38.29952000000029
773 38.25855333333365
774 38.21778666666697
775 38.177220000000304
776 38.136853333333626
777 38.09668666666696
778 38.056720000000304
779 38.01695333333364
780 37.97738666666695
781 37.93802000000029
782 37.89885333333363
783 37.85988666666696
784 37.8211200000003
785 37.82054666666697
786 37.77944666666696
787 37.73854666666697
788 37.69784666666698
789 37.657346666666974
790 37.61704666666698
791 37.576946666666984
792 37.53704666666696
793 37.497346666666985
794 37.457846666666974
795 37.41854666666698
796 37.379446666666965
797 37.34054666666696
798 37.30184666666697
799 37.263346666666976
800 37.22504666666698
801 37.18694666666696
802 37.14904666666697
803 37.11134666666696
804 37.10893333333365
805 37.06890000000032
806 37.02906666666698
807 36.98943333333365
808 36.950000000000315
809 36.91076666666698
810 36.87173333333365
811 36.83290000000032
812 36.79426666666698
813 36.755833333333634
814 36.71760000000031
815 36.67956666666698
816 36.64173333333364
817 36.604100000000294
818 36.566666666666976
819 36.529433333333635
820 36.4924000000003
821 36.45556666666698
822 36.453846666667005
823 36.41468000000034
824 36.37571333333366
825 36.336946666667
826 36.29838000000032
827 36.26001333333366
828 36.22184666666697
829 36.18388000000034
830 36.14611333333366
831 36.108546666667
832 36.07118000000033
833 36.03401333333366
834 35.997046666666996
835 35.96028000000033
836 35.92371333333365
837 35.88734666666699
838 35.85118000000033
839 35.81521333333365
840 35.814186666666984
841 35.775886666667
842 35.737786666666985
843 35.69988666666699
844 35.66218666666699
845 35.624686666666996
846 35.58738666666698
847 35.55028666666701
848 35.51338666666699
849 35.476686666667
850 35.440186666666996
851 35.40388666666698
852 35.36778666666698
853 35.331886666666975
854 35.29618666666697
855 35.260686666666984
856 35.22538666666697
857 35.190286666666985
858 35.189953333333655
859 35.15252000000033
860 35.115286666667004
861 35.07825333333366
862 35.04142000000035
863 35.004786666667
864 34.96835333333367
865 34.93212000000033
866 34.89608666666699
867 34.86025333333367
868 34.82462000000034
869 34.78918666666699
870 34.753953333333676
871 34.71892000000033
872 34.684086666666985
873 34.64945333333366
874 34.615020000000314
875 34.580786666667
876 34.54675333333367
877 34.544580000000344
878 34.50821333333368
879 34.472046666667005
880 34.43608000000035
881 34.40031333333368
882 34.364746666667
883 34.32938000000035
884 34.29421333333368
885 34.25924666666701
886 34.224480000000334
887 34.18991333333367
888 34.155546666667
889 34.12138000000034
890 34.087413333333664
891 34.053646666667014
892 34.020080000000355
893 33.98671333333366
894 33.95354666666699
895 33.95206666666704
896 33.91656666666702
897 33.881266666667024
898 33.846166666667024
899 33.811266666667024
900 33.77656666666703
901 33.74206666666703
902 33.70776666666703
903 33.673666666667025
904 33.63976666666703
905 33.60606666666703
906 33.57256666666702
907 33.53926666666701
908 33.50616666666701
909 33.473266666667016
910 33.44056666666702
911 33.408066666667004
912 33.375766666667
913 33.37498000000036
914 33.34034666666701
915 33.30591333333368
916 33.27168000000035
917 33.237646666667004
918 33.203813333333684
919 33.17018000000034
920 33.13674666666701
921 33.10351333333369
922 33.07048000000035
923 33.03764666666701
924 33.00501333333367
925 32.97258000000033
926 32.940346666667004
927 32.90831333333368
928 32.876480000000335
929 32.84484666666701
930 32.81341333333366
931 32.813320000000374
932 32.7795533333337
933 32.745986666667015
934 32.71262000000036
935 32.6794533333337
936 32.64648666666702
937 32.61372000000035
938 32.581153333333674
939 32.54878666666702
940 32.51662000000034
941 32.48465333333368
942 32.45288666666701
943 32.42132000000034
944 32.389953333333686
945 32.358786666667
946 32.327820000000344
947 32.297053333333686
948 32.26648666666701
949 32.236120000000334
950 32.23418666666704
951 32.20148666666702
952 32.16898666666703
953 32.136686666667025
954 32.104586666667025
955 32.072686666667025
956 32.04098666666703
957 32.00948666666702
958 31.97818666666701
959 31.947086666667005
960 31.91618666666702
961 31.885486666667013
962 31.85498666666701
963 31.824686666667024
964 31.794586666667023
965 31.764686666667025
966 31.734986666667012
967 31.705486666667003
968 31.704246666667025
969 31.672413333333694
970 31.640780000000355
971 31.609346666667015
972 31.57811333333369
973 31.547080000000356
974 31.516246666667023
975 31.48561333333368
976 31.455180000000357
977 31.42494666666702
978 31.39491333333368
979 31.365080000000336
980 31.335446666667007
981 31.306013333333674
982 31.276780000000347
983 31.247746666667005
984 31.218913333333663
985 31.190280000000335
986 31.189733333333695
987 31.158766666667027
988 31.128000000000352
989 31.097433333333683
990 31.067066666667028
991 31.03690000000036
992 31.006933333333677
993 30.97716666666702
994 30.947600000000346
995 30.918233333333692
996 30.88906666666702
997 30.860100000000344
998 30.831333333333685
999 30.802766666667022
1000 30.774400000000345
1001 30.746233333333677
1002 30.71826666666701
1003 30.690500000000338
1004 30.662933333333665
1005 30.660546666667038
1006 30.630646666667044
1007 30.60094666666704
1008 30.571446666667022
1009 30.54214666666704
1010 30.513046666667012
1011 30.484146666667012
1012 30.455446666667022
1013 30.426946666667025
1014 30.398646666667027
1015 30.370546666667018
1016 30.34264666666701
1017 30.314946666667012
1018 30.287446666666998
1019 30.26014666666702
1020 30.233046666667004
1021 30.206146666667006
1022 30.179446666667012
1023 30.177753333333687
1024 30.14872000000036
1025 30.119886666667025
1026 30.09125333333369
1027 30.062820000000364
1028 30.034586666667018
1029 30.006553333333684
1030 29.978720000000347
1031 29.951086666667013
1032 29.923653333333682
1033 29.896420000000344
1034 29.86938666666701
1035 29.84255333333367
1036 29.815920000000336
1037 29.789486666666996
1038 29.763253333333658
1039 29.737220000000324
1040 29.711386666667007
1041 29.710386666667034
1042 29.682220000000356
1043 29.65425333333369
1044 29.626486666667027
1045 29.59892000000035
1046 29.57155333333367
1047 29.544386666667013
1048 29.51742000000035
1049 29.490653333333682
1050 29.464086666667015
1051 29.43772000000034
1052 29.411553333333686
1053 29.385586666667013
1054 29.359820000000337
1055 29.334253333333667
1056 29.308886666666996
1057 29.28372000000034
1058 29.25875333333366
1059 29.258446666667016
1060 29.231146666667023
1061 29.204046666667004
1062 29.17714666666702
1063 29.15044666666702
1064 29.123946666667027
1065 29.09764666666701
1066 29.07154666666701
1067 29.045646666667018
1068 29.01994666666701
1069 28.994446666666995
1070 28.969146666667015
1071 28.944046666667017
1072 28.919146666667
1073 28.894446666667008
1074 28.86994666666699
1075 28.84564666666699
1076 28.821546666667
1077 28.797646666666985
1078 28.79550000000035
1079 28.769266666667015
1080 28.743233333333674
1081 28.717400000000335
1082 28.691766666667025
1083 28.666333333333675
1084 28.641100000000336
1085 28.616066666667002
1086 28.591233333333662
1087 28.566600000000335
1088 28.542166666666997
1089 28.51793333333366
1090 28.493900000000338
1091 28.470066666666995
1092 28.446433333333655
1093 28.42300000000032
1094 28.399766666666967
1095 28.376733333333654
1096 28.37528000000036
1097 28.34991333333368
1098 28.324746666667014
1099 28.299780000000332
1100 28.27501333333368
1101 28.250446666667003
1102 28.226080000000344
1103 28.20191333333368
1104 28.177946666666994
1105 28.154180000000327
1106 28.130613333333667
1107 28.10724666666698
1108 28.08408000000033
1109 28.06111333333366
1110 28.038346666666982
1111 28.01578000000034
1112 27.993413333333645
1113 27.97124666666699
1114 27.970486666667018
1115 27.945986666667014
1116 27.921686666667032
1117 27.897586666667014
1118 27.87368666666702
1119 27.849986666667
1120 27.826486666666998
1121 27.80318666666701
1122 27.780086666667003
1123 27.757186666666996
1124 27.73448666666701
1125 27.71198666666701
1126 27.689686666666997
1127 27.66758666666699
1128 27.64568666666698
1129 27.623986666666987
1130 27.60248666666698
1131 27.581186666666987
1132 27.581120000000343
1133 27.557486666667014
1134 27.53405333333367
1135 27.51082000000033
1136 27.487786666666995
1137 27.464953333333657
1138 27.442320000000336
1139 27.41988666666699
1140 27.39765333333366
1141 27.375620000000332
1142 27.353786666666984
1143 27.332153333333647
1144 27.310720000000313
1145 27.289486666666978
1146 27.26845333333365
1147 27.247620000000307
1148 27.226986666666967
1149 27.20655333333365
1150 27.186320000000304
1151 27.18441333333368
1152 27.16184666666701
1153 27.13948000000033
1154 27.117313333333676
1155 27.095346666667
1156 27.073580000000327
1157 27.05201333333365
1158 27.030646666666986
1159 27.009480000000334
1160 26.98851333333365
1161 26.96774666666698
1162 26.94718000000031
1163 26.92681333333365
1164 26.906646666666973
1165 26.886680000000304
1166 26.86691333333364
1167 26.84734666666697
1168 26.827980000000295
1169 26.826766666667
1170 26.805066666667
1171 26.783566666666992
1172 26.762266666666996
1173 26.741166666666995
1174 26.720266666666983
1175 26.699566666666986
1176 26.67906666666698
1177 26.65876666666698
1178 26.638666666666982
1179 26.618766666666986
1180 26.599066666666985
1181 26.57956666666697
1182 26.560266666666976
1183 26.541166666666985
1184 26.52226666666697
1185 26.503566666666963
1186 26.485066666666963
1187 26.48454666666698
1188 26.463713333333637
1189 26.443080000000318
1190 26.42264666666697
1191 26.402413333333644
1192 26.382380000000314
1193 26.362546666666972
1194 26.34291333333364
1195 26.323480000000295
1196 26.30424666666695
1197 26.285213333333626
1198 26.266380000000296
1199 26.247746666666952
1200 26.229313333333614
1201 26.211080000000276
1202 26.193046666666948
1203 26.175213333333616
1204 26.157580000000273
1205 26.140146666666947
1206 26.13778666666699
1207 26.118020000000307
1208 26.098453333333637
1209 26.079086666666967
1210 26.05992000000031
1211 26.040953333333626
1212 26.02218666666696
1213 26.003620000000307
1214 25.985253333333628
1215 25.967086666666955
1216 25.94912000000028
1217 25.931353333333615
1218 25.913786666666955
1219 25.896420000000276
1220 25.879253333333608
1221 25.862286666666947
1222 25.84552000000028
1223 25.82895333333361
1224 25.827286666666975
1225 25.808386666666966
1226 25.789686666666974
1227 25.771186666666974
1228 25.75288666666697
1229 25.734786666666952
1230 25.716886666666955
1231 25.69918666666696
1232 25.68168666666696
1233 25.664386666666942
1234 25.647286666666957
1235 25.63038666666695
1236 25.613686666666947
1237 25.597186666666936
1238 25.58088666666693
1239 25.56478666666693
1240 25.548886666666935
1241 25.53318666666693
1242 25.532213333333637
1243 25.514180000000298
1244 25.496346666666966
1245 25.478713333333637
1246 25.46128000000029
1247 25.44404666666696
1248 25.427013333333623
1249 25.410180000000285
1250 25.393546666666953
1251 25.377113333333607
1252 25.360880000000286
1253 25.34484666666695
1254 25.3290133333336
1255 25.313380000000276
1256 25.297946666666938
1257 25.282713333333596
1258 25.267680000000254
1259 25.25284666666692
1260 25.252566666666947
1261 25.23540000000028
1262 25.21843333333362
1263 25.201666666666952
1264 25.185100000000283
1265 25.168733333333602
1266 25.15256666666695
1267 25.136600000000275
1268 25.120833333333604
1269 25.105266666666942
1270 25.08990000000026
1271 25.074733333333594
1272 25.059766666666935
1273 25.045000000000243
1274 25.030433333333598
1275 25.016066666666916
1276 25.001900000000244
1277 24.98793333333356
1278 24.974166666666903
1279 24.972046666666945
1280 24.95594666666695
1281 24.940046666666937
1282 24.924346666666942
1283 24.908846666666935
1284 24.893546666666932
1285 24.87844666666694
1286 24.863546666666938
1287 24.848846666666923
1288 24.834346666666924
1289 24.82004666666692
1290 24.805946666666912
1291 24.792046666666913
1292 24.778346666666906
1293 24.764846666666916
1294 24.751546666666908
1295 24.738446666666903
1296 24.7255466666669
1297 24.724120000000276
1298 24.70888666666695
1299 24.693853333333596
1300 24.67902000000027
1301 24.664386666666932
1302 24.64995333333359
1303 24.63572000000025
1304 24.62168666666691
1305 24.607853333333587
1306 24.59422000000025
1307 24.580786666666903
1308 24.56755333333358
1309 24.554520000000245
1310 24.5416866666669
1311 24.529053333333557
1312 24.516620000000216
1313 24.5043866666669
1314 24.492353333333558
1315 24.49162000000026
1316 24.477253333333593
1317 24.463086666666918
1318 24.44912000000026
1319 24.435353333333587
1320 24.421786666666915
1321 24.408420000000262
1322 24.395253333333585
1323 24.382286666666904
1324 24.369520000000236
1325 24.356953333333554
1326 24.344586666666896
1327 24.332420000000226
1328 24.320453333333553
1329 24.308686666666897
1330 24.297120000000223
1331 24.28575333333355
1332 24.274586666666888
1333 24.274546666666918
1334 24.261046666666914
1335 24.24774666666691
1336 24.234646666666922
1337 24.22174666666691
1338 24.2090466666669
1339 24.196546666666897
1340 24.18424666666689
1341 24.17214666666689
1342 24.160246666666897
1343 24.148546666666885
1344 24.13704666666689
1345 24.125746666666874
1346 24.11464666666688
1347 24.103746666666876
1348 24.09304666666686
1349 24.082546666666865
1350 24.072246666666857
1351 24.062146666666866
1352 24.060266666666905
1353 24.04783333333356
1354 24.035600000000226
1355 24.02356666666689
1356 24.011733333333556
1357 24.00010000000022
1358 23.98866666666688
1359 23.977433333333536
1360 23.96640000000021
1361 23.955566666666872
1362 23.94493333333353
1363 23.934500000000188
1364 23.924266666666863
1365 23.914233333333524
1366 23.904400000000187
1367 23.894766666666857
1368 23.885333333333516
1369 23.876100000000186
1370 23.87491333333355
1371 23.86334666666688
1372 23.85198000000022
1373 23.84081333333356
1374 23.82984666666689
1375 23.819080000000206
1376 23.808513333333526
1377 23.79814666666687
1378 23.787980000000193
1379 23.778013333333526
1380 23.76824666666686
1381 23.758680000000194
1382 23.74931333333353
1383 23.740146666666842
1384 23.731180000000172
1385 23.72241333333351
1386 23.71384666666683
1387 23.70548000000015
1388 23.704986666666887
1389 23.69428666666688
1390 23.68378666666687
1391 23.67348666666686
1392 23.66338666666687
1393 23.65348666666686
1394 23.643786666666852
1395 23.63428666666686
1396 23.624986666666857
1397 23.615886666666846
1398 23.606986666666845
1399 23.59828666666683
1400 23.58978666666684
1401 23.581486666666834
1402 23.573386666666824
1403 23.565486666666825
1404 23.557786666666825
1405 23.55028666666682
1406 23.542986666666806
1407 23.54065333333354
1408 23.5310200000002
1409 23.521586666666856
1410 23.512353333333518
1411 23.50332000000019
1412 23.494486666666845
1413 23.485853333333502
1414 23.477420000000176
1415 23.469186666666833
1416 23.461153333333503
1417 23.453320000000165
1418 23.445686666666834
1419 23.438253333333485
1420 23.43102000000015
1421 23.42398666666681
1422 23.417153333333474
1423 23.41052000000013
1424 23.404086666666803
1425 23.40244666666684
1426 23.393680000000174
1427 23.385113333333507
1428 23.376746666666843
1429 23.368580000000165
1430 23.360613333333497
1431 23.352846666666828
1432 23.34528000000016
1433 23.337913333333482
1434 23.330746666666816
1435 23.323780000000138
1436 23.31701333333348
1437 23.31044666666681
1438 23.304080000000123
1439 23.29791333333346
1440 23.291946666666792
1441 23.286180000000122
1442 23.28061333333345
1443 23.279666666666838
1444 23.27176666666683
1445 23.264066666666825
1446 23.25656666666682
1447 23.24926666666683
1448 23.24216666666681
1449 23.235266666666806
1450 23.2285666666668
1451 23.222066666666812
1452 23.2157666666668
1453 23.209666666666784
1454 23.203766666666795
1455 23.198066666666783
1456 23.19256666666678
1457 23.187266666666776
1458 23.182166666666774
1459 23.177266666666775
1460 23.17256666666677
1461 23.172313333333477
1462 23.165280000000134
1463 23.1584466666668
1464 23.151813333333486
1465 23.14538000000014
1466 23.139146666666793
1467 23.13311333333347
1468 23.127280000000138
1469 23.12164666666678
1470 23.116213333333437
1471 23.110980000000108
1472 23.10594666666678
1473 23.10111333333344
1474 23.096480000000092
1475 23.092046666666764
1476 23.08781333333343
1477 23.083780000000083
1478 23.079946666666743
1479 23.07631333333341
1480 23.07422000000014
1481 23.068253333333455
1482 23.062486666666796
1483 23.056920000000126
1484 23.051553333333445
1485 23.04638666666677
1486 23.041420000000098
1487 23.036653333333447
1488 23.032086666666775
1489 23.027720000000087
1490 23.023553333333428
1491 23.01958666666677
1492 23.01582000000008
1493 23.01225333333341
1494 23.008886666666736
1495 23.005720000000075
1496 23.002753333333406
1497 22.999986666666718
1498 22.998586666666778
1499 22.993486666666783
1500 22.98858666666677
1501 22.983886666666763
1502 22.979386666666755
1503 22.97508666666676
1504 22.970986666666754
1505 22.96708666666675
1506 22.96338666666674
1507 22.95988666666674
1508 22.95658666666673
1509 22.953486666666727
1510 22.950586666666723
1511 22.947886666666715
1512 22.94538666666672
1513 22.94308666666671
1514 22.940986666666717
1515 22.939086666666707
1516 22.938380000000098
1517 22.934146666666756
1518 22.93011333333342
1519 22.92628000000009
1520 22.922646666666743
1521 22.919213333333396
1522 22.91598000000006
1523 22.912946666666738
1524 22.910113333333396
1525 22.907480000000042
1526 22.90504666666673
1527 22.90281333333339
1528 22.900780000000047
1529 22.898946666666703
1530 22.897313333333365
1531 22.895880000000034
1532 22.894646666666688
1533 22.89361333333335
1534 22.893600000000074
1535 22.890233333333406
1536 22.887066666666733
1537 22.884100000000057
1538 22.88133333333339
1539 22.87876666666672
1540 22.876400000000046
1541 22.87423333333338
1542 22.872266666666704
1543 22.870500000000035
1544 22.86893333333336
1545 22.86756666666669
1546 22.866400000000024
1547 22.865433333333353
1548 22.86466666666668
1549 22.86410000000002
1550 22.863733333333336
1551 22.863566666666664
